indexes_lookup,text_lookup,paragraph_lookup
1,1,1
2,1,1
3,1,1
4,1,2
5,1,2
6,1,2
7,1,2
8,1,2
9,1,2
10,1,2
11,1,2
12,1,2
13,1,2
14,1,2
15,1,2
16,1,2
17,1,2
18,1,2
19,1,2
20,1,2
21,1,2
22,1,2
23,1,2
24,1,2
25,1,2
26,1,2
27,1,2
28,1,3
29,1,3
30,1,3
31,1,3
32,1,3
33,1,3
34,1,3
35,1,3
36,1,3
37,1,3
38,1,3
39,1,3
40,1,3
41,1,3
42,1,3
43,1,3
44,1,3
45,1,3
46,1,3
47,1,3
48,1,3
49,1,3
50,1,4
51,1,4
52,1,4
53,1,4
54,1,4
55,1,4
56,1,4
57,1,4
58,1,4
59,1,4
60,1,4
61,1,4
62,1,4
63,1,4
64,1,4
65,1,4
66,1,4
67,1,4
68,1,4
69,1,4
70,1,4
71,1,4
72,1,5
73,1,5
74,1,5
75,1,5
76,1,5
77,1,5
78,1,5
79,1,5
80,1,5
81,1,5
82,1,5
83,1,5
84,1,5
85,1,5
86,1,5
87,1,5
88,1,5
89,1,5
90,1,5
91,1,5
92,1,5
93,1,5
94,1,5
95,1,5
96,1,5
97,1,5
98,1,5
99,1,5
100,1,5
101,1,5
102,1,5
103,1,5
104,1,5
105,1,6
106,1,6
107,1,6
108,1,6
109,1,6
110,1,6
111,1,6
112,1,6
113,1,6
114,1,6
115,1,6
116,1,6
117,1,6
118,1,6
119,1,6
120,1,6
121,1,6
122,2,1
123,2,2
124,2,2
125,2,2
126,2,2
127,2,2
128,2,2
129,2,2
130,2,2
131,2,2
132,2,2
133,2,2
134,2,2
135,2,2
136,2,2
137,2,2
138,2,2
139,2,2
140,2,2
141,2,3
142,2,3
143,2,3
144,2,3
145,2,3
146,2,3
147,2,3
148,2,3
149,2,3
150,2,3
151,2,3
152,2,3
153,2,3
154,2,3
155,2,3
156,2,3
157,2,3
158,2,3
159,2,3
160,2,4
161,2,4
162,2,4
163,2,4
164,2,4
165,2,4
166,2,4
167,2,4
168,2,4
169,2,4
170,2,4
171,2,4
172,2,4
173,2,4
174,2,4
175,2,4
176,2,4
177,2,4
178,2,4
179,2,4
180,2,4
181,2,4
182,2,4
183,2,5
184,2,5
185,2,5
186,2,5
187,2,5
188,2,5
189,2,5
190,2,5
191,2,5
192,2,5
193,2,5
194,2,5
195,2,5
196,2,5
197,2,5
198,2,5
199,2,5
200,2,5
201,2,5
202,2,6
203,2,6
204,2,6
205,2,6
206,2,6
207,2,6
208,2,6
209,2,6
210,2,6
211,2,6
212,2,6
213,2,6
214,2,6
215,2,6
216,2,6
217,2,6
218,2,6
219,2,6
220,2,6
221,2,6
222,2,6
223,2,6
224,2,6
225,2,6
226,3,1
227,3,1
228,3,2
229,3,2
230,3,2
231,3,2
232,3,2
233,3,2
234,3,2
235,3,2
236,3,2
237,3,2
238,3,2
239,3,2
240,3,2
241,3,2
242,3,2
243,3,2
244,3,2
245,3,2
246,3,2
247,3,2
248,3,2
249,3,2
250,3,2
251,3,2
252,3,2
253,3,2
254,3,2
255,3,2
256,3,2
257,3,2
258,3,3
259,3,3
260,3,3
261,3,3
262,3,3
263,3,3
264,3,3
265,3,3
266,3,3
267,3,3
268,3,3
269,3,3
270,3,3
271,3,3
272,3,3
273,3,3
274,3,3
275,3,3
276,3,4
277,3,4
278,3,4
279,3,4
280,3,4
281,3,4
282,3,4
283,3,4
284,3,4
285,3,4
286,3,4
287,3,4
288,3,4
289,3,4
290,3,4
291,3,4
292,3,4
293,3,4
294,3,4
295,3,5
296,3,5
297,3,5
298,3,5
299,3,5
300,3,5
301,3,5
302,3,5
303,3,5
304,3,5
305,3,5
306,3,5
307,3,5
308,3,5
309,3,5
310,3,5
311,3,5
312,3,5
313,3,5
314,3,5
315,3,5
316,3,6
317,3,6
318,3,6
319,3,6
320,3,6
321,3,6
322,3,6
323,3,6
324,3,6
325,3,6
326,3,6
327,3,6
328,3,6
329,3,6
330,3,6
331,3,6
332,3,6
333,3,6
334,3,6
335,3,6
336,3,6
337,4,1
338,4,1
339,4,2
340,4,2
341,4,2
342,4,2
343,4,2
344,4,2
345,4,2
346,4,2
347,4,2
348,4,2
349,4,2
350,4,2
351,4,2
352,4,2
353,4,2
354,4,2
355,4,2
356,4,2
357,4,2
358,4,2
359,4,2
360,4,2
361,4,2
362,4,2
363,4,3
364,4,3
365,4,3
366,4,3
367,4,3
368,4,3
369,4,3
370,4,3
371,4,3
372,4,3
373,4,3
374,4,3
375,4,3
376,4,3
377,4,3
378,4,3
379,4,3
380,4,3
381,4,3
382,4,3
383,4,3
384,4,3
385,4,3
386,4,3
387,4,3
388,4,4
389,4,4
390,4,4
391,4,4
392,4,4
393,4,4
394,4,4
395,4,4
396,4,4
397,4,4
398,4,4
399,4,4
400,4,4
401,4,4
402,4,4
403,4,4
404,4,4
405,4,4
406,4,4
407,4,4
408,4,4
409,4,5
410,4,5
411,4,5
412,4,5
413,4,5
414,4,5
415,4,5
416,4,5
417,4,5
418,4,5
419,4,5
420,4,5
421,4,5
422,4,5
423,4,5
424,4,5
425,4,6
426,4,6
427,4,6
428,4,6
429,4,6
430,4,6
431,4,6
432,4,6
433,4,6
434,4,6
435,4,6
436,4,6
437,4,6
438,5,1
439,5,1
440,5,1
441,5,1
442,5,2
443,5,2
444,5,2
445,5,2
446,5,2
447,5,2
448,5,2
449,5,2
450,5,2
451,5,2
452,5,2
453,5,2
454,5,2
455,5,2
456,5,2
457,5,2
458,5,2
459,5,2
460,5,2
461,5,2
462,5,2
463,5,2
464,5,2
465,5,2
466,5,2
467,5,2
468,5,2
469,5,3
470,5,3
471,5,3
472,5,3
473,5,3
474,5,3
475,5,3
476,5,3
477,5,3
478,5,3
479,5,3
480,5,3
481,5,3
482,5,3
483,5,3
484,5,3
485,5,3
486,5,3
487,5,3
488,5,3
489,5,3
490,5,3
491,5,3
492,5,3
493,5,4
494,5,4
495,5,4
496,5,4
497,5,4
498,5,4
499,5,4
500,5,4
501,5,4
502,5,4
503,5,4
504,5,4
505,5,4
506,5,4
507,5,4
508,5,4
509,5,4
510,5,4
511,5,4
512,5,4
513,5,4
514,5,4
515,5,4
516,5,4
517,5,4
518,5,4
519,5,4
520,5,5
521,5,5
522,5,5
523,5,5
524,5,5
525,5,5
526,5,5
527,5,5
528,5,5
529,5,5
530,5,5
531,5,5
532,5,5
533,5,5
534,5,5
535,5,5
536,5,5
537,5,5
538,5,5
539,5,5
540,5,5
541,5,5
542,5,5
543,5,5
544,5,5
545,5,5
546,5,5
547,5,5
548,5,6
549,5,6
550,5,6
551,5,6
552,5,6
553,5,6
554,5,6
555,5,6
556,5,6
557,5,6
558,5,6
559,5,6
560,5,6
561,5,6
562,5,6
563,5,6
564,5,6
565,5,6
566,5,6
567,5,6
568,6,1
569,6,1
570,6,1
571,6,2
572,6,2
573,6,2
574,6,2
575,6,2
576,6,2
577,6,2
578,6,2
579,6,2
580,6,2
581,6,2
582,6,2
583,6,2
584,6,2
585,6,2
586,6,2
587,6,2
588,6,2
589,6,3
590,6,3
591,6,3
592,6,3
593,6,3
594,6,3
595,6,3
596,6,3
597,6,3
598,6,3
599,6,3
600,6,3
601,6,3
602,6,3
603,6,3
604,6,3
605,6,3
606,6,3
607,6,3
608,6,3
609,6,3
610,6,3
611,6,3
612,6,3
613,6,3
614,6,4
615,6,4
616,6,4
617,6,4
618,6,4
619,6,4
620,6,4
621,6,4
622,6,4
623,6,4
624,6,4
625,6,4
626,6,4
627,6,4
628,6,4
629,6,5
630,6,5
631,6,5
632,6,5
633,6,5
634,6,5
635,6,5
636,6,5
637,6,5
638,6,5
639,6,5
640,6,5
641,6,5
642,6,5
643,6,5
644,6,5
645,6,5
646,6,5
647,6,5
648,6,5
649,6,5
650,6,6
651,6,6
652,6,6
653,6,6
654,6,6
655,6,6
656,6,6
657,6,6
658,6,6
659,6,6
660,6,6
661,6,6
662,6,6
663,6,6
664,6,6
665,6,6
666,6,6
667,6,6
668,6,6
669,6,6
670,6,6
671,6,6
672,6,6
673,6,6
674,6,6
675,6,6
